 12.28   2.71
 17.66   0.64
 19.33   1.59
 10.47   7.59
 13.45   1.15
 20.27   1.76
 18.89   1.98
 11.88   3.47
 10.36   4.43
 13.69   6.35
 14.32   1.01
 16.07   3.15
  7.74   4.45
 11.98   4.79
 14.16   1.99
 13.41   2.35
 18.20   4.06
 14.88   1.17
 17.01   1.19
 18.84   2.18
 11.86   1.84
 17.39   2.05
 16.45   1.19
 12.16   7.78
 11.22   0.62
 14.30   2.86
 10.14   0.78
 14.90   3.02
  9.17   2.63
 15.62   2.52
 10.58  13.90
 13.58   2.76
 17.79   0.89
 11.74   6.52
 14.88   1.57
 13.25   4.11
 14.93   4.87
 18.33   0.86
 10.01   5.48
  9.42   3.75
  6.93   0.70
 14.49   1.61
 17.10   4.21
  5.61   2.12
 19.88   1.91
 15.09   2.23
 15.38   5.89
 19.93   5.08
 17.68  12.86
 16.19   1.86
 14.79   3.29
 19.94  30.62
  9.49   3.91
 13.20   1.49
 16.46   1.28
 18.38  23.12
 14.42   2.59
 17.96   0.78
 13.55   1.68
 13.07   2.45
  9.95   3.25
 15.13   0.75
 18.69   2.86
  7.71   3.40
 18.83   2.03
  8.86   7.64
 10.29   4.51
 13.70   4.52
  6.39   2.97
 17.10   2.41
 13.65   3.10
 15.38   3.46
 13.15   4.77
 18.11   1.48
 16.63   5.26
  7.41   5.01
 14.21   4.02
 10.49   2.20
  8.50   1.86
 13.81   3.26
 19.15   1.74
  6.74   5.86
 14.35   3.09
 15.06   3.03
 14.26   5.69
 20.29   1.68
 10.13   1.90
 18.22   1.82
 13.59   1.79
 14.68   2.48
 15.22   4.86
 15.93   4.24
  8.92   2.22
  9.98   3.74
 18.03   0.87
 15.39   0.21
  8.57   1.21
 17.81   3.68
 15.10   3.14
  8.65   2.86
 13.88   2.36
 12.19   2.10
 15.60   0.94
 18.48   5.37
 17.58   2.46
 13.56   5.23
 20.60   5.18
 17.67   4.16
 15.65   4.59
 10.87   3.12
 11.72   3.71
 18.36   5.88
 12.90   5.61
  5.88   3.76
 13.93   3.97
 10.48   2.78
 15.31   4.54
  8.20   2.50
 13.31   5.92
 11.06   3.27
 12.87   1.65
 16.34   3.02
 14.21   3.76
 10.11   4.52
 12.84   5.68
 17.71   3.89
 13.62   5.21
  9.26   6.52
 11.53   6.59
 15.15   3.21
 12.05   2.14
 17.53   3.42
 16.56   3.59
 14.87   3.01
 15.34   3.69
 16.61   1.22
 16.97   3.59
 13.78   2.02
 12.00   6.09
 15.10   1.12
 16.50   2.91
  7.13   4.75
 12.97   2.81
 18.94   3.28
 13.65   5.61
  8.84   4.48
 19.50   1.55
 16.19   2.81
 14.88   5.60
 15.75   4.94
 15.37   3.35
 15.28   3.58
  9.51   2.77
 16.18   0.87
 17.41   2.25
 11.06   3.69
 15.34   2.71
 16.71   2.95
 14.88   2.40
 12.32   5.41
 11.01   2.97
  8.37   4.59
 20.85   6.58
 19.27   3.42
 10.26   6.23
 15.46   6.26
 16.31   2.74
 14.51   2.55
 18.22   2.66
 14.91   4.84
 19.03   3.99
 18.55   3.81
 10.54   2.58
 13.54   1.72
 17.20   2.98
 19.18   1.71
 19.89   0.46
 14.12   3.43
 10.10   4.28
 17.41   2.20
 13.52   2.83
 10.03   0.73
 14.00   3.27
 15.32   3.92
 14.34   6.33
 11.60   1.46
 10.05   4.64
 15.58  11.59
  9.92   4.78
 18.11   3.35
 17.57   0.29
 16.15   2.90
  8.46   4.50
 16.69   4.18
 16.92   3.07
 17.58   0.99
 15.47   3.06
 14.61   3.24
 10.39   4.11
 11.29   4.49
 18.01   0.88
  8.09   3.76
 15.45   6.16
 16.31   2.12
 18.55   1.26
 10.72   1.20
 11.13   3.05
 15.17   2.45
 18.82   2.66
 16.42   2.65
 13.77   3.84
 17.13   2.02
 16.84   4.79
 16.34   2.35
 17.36   1.29
 13.11   4.17
 15.13   1.17
 12.21   2.45
 12.66   2.77
 10.21   5.23
  6.64   1.85
 13.38   4.21
 11.81   3.68
 12.60   3.88
  7.77   3.60
 16.19   3.69
 14.60   2.17
  9.99   6.25
 16.00   3.67
 14.05   4.07
  9.92   2.84
 20.96   3.10
 11.02   2.63
 16.57   3.37
  9.18   2.11
 14.57   3.23
 14.81   3.14
 18.42   1.27
 10.65   3.10
 20.06   3.03
 19.60   2.11
 18.01   2.91
 19.69   1.27
 11.99   1.47
 14.83   1.57
 21.01   4.14
 17.60   3.18
  7.46   4.94
  9.89   0.96
 19.73  47.71
  7.97   8.23
 14.27   3.80
 15.43   0.50
  9.37   1.67
 13.04   3.79
 14.69   2.14
 12.11   4.36
  8.92   5.90
 18.18   2.38
 19.05   2.67
 15.73   2.72
  9.07   1.85
  9.75   1.46
 10.79   3.00
 17.10   2.66
 17.67   3.18
 15.33   2.73
 16.61   2.19
 12.64   1.76
 17.14   1.71
 14.73   2.99
 16.50   2.10
 12.59   3.25
 14.45   3.03
 17.17   2.09
 10.45   6.17
 21.02  75.59
 19.58   1.88
 15.68   1.99
 13.04   1.36
 14.67   3.05
 18.31   1.53
 15.24   3.18
 13.57   3.12
 19.67   2.64
 20.47   2.18
 18.08   1.27
 10.24   2.72
  6.06   5.25
 10.41   1.95
 13.02   4.69
 12.08   4.02
 13.69   1.66
 19.11   1.50
 10.84   3.42
 14.58   1.02
 18.62   2.10
  9.77   1.73
 15.46   2.63
 17.09   1.77
 13.59   1.65
  8.73   4.50
  9.73   1.77
 15.13   1.76
 16.41   3.54
 15.01   3.61
 15.80   5.02
 19.89   2.10
 18.35   1.81
 18.69   2.03
 16.69   0.20
 11.55   2.95
 20.23   0.58
 11.51   5.36
  8.54   2.93
 13.96   4.18
 11.73   4.78
  8.44   2.15
 14.81   1.15
  7.07   1.58
 16.96   3.37
 15.52   4.82
 13.88   4.60
 14.23   4.04
 11.02   4.17
 13.85   3.05
 16.61   2.38
 13.72   3.42
 15.53   4.51
 12.72   9.10
 15.55   3.22
 21.00   3.33
 11.17   3.35
 18.71   1.54
 16.57   1.61
 16.69   0.95
 14.15   0.81
 21.42  75.59
 17.13   1.38
 13.14   3.17
 19.80   4.00
 15.55   6.12
 14.18   1.70
  6.31   1.64
 13.07   1.57
 11.76   4.50
  9.62   1.25
 12.15   2.36
 11.62   4.72
 15.23   1.79
  9.97   0.94
 14.23   4.06
 16.69   0.90
 16.67   5.51
 12.87   3.01
 11.33   5.10
 19.94   3.49
 17.03   3.48
 11.95   3.33
 16.00   2.31
 15.89   0.32
  5.53   6.46
 14.63   3.55
 14.47   3.14
  7.14   5.31
 13.49   2.88
 16.82   3.51
  8.25   2.91
 10.71   6.15
 16.16   1.92
 11.36   3.49
  8.50   4.25
 16.24   1.99
  7.94   5.50
 15.69   1.43
 12.64   4.75
 19.82   4.43
 15.14   1.21
 12.53   5.04
 13.97   3.23
 15.08   3.93
 10.36   5.27
 18.20   1.40
  7.94   0.22
 17.23   4.94
 16.93   0.73
 12.62   2.07
 15.34   1.90
 18.80   2.97
 19.53   1.26
 15.66   5.27
 13.33   5.89
 11.20   4.01
 19.20   4.00
 16.48   2.55
 14.67   2.56
 15.57   3.09
 14.22   1.66
 11.71   5.76
 17.99   1.99
 13.58   2.86
 18.47   3.29
  9.50   2.10
 18.35   0.71
 19.50   3.91
  8.65   2.68
 13.31   3.64
 18.59   1.41
 12.66   4.19
  7.62   1.89
 14.70   5.70
 17.37   3.40
  8.30   4.33
 12.08   2.81
 14.25   2.40
 12.92   2.50
 11.77   2.47
 19.29   2.85
 10.26   2.41
  8.03   2.74
 10.86   4.33
 11.40   5.98
 15.40   1.34
 14.46   2.69
 14.36   2.09
  8.04   3.55
 13.84   2.44
 11.33   3.75
 17.70   5.15
 19.52   2.16
 13.72   1.38
 17.59   2.96
 15.78   0.86
  8.52   0.21
 19.03   0.49
 12.98   2.68
 15.29   1.42
 14.73   4.24
  8.85   3.72
 17.57   2.66
 13.07   3.60
 20.21   3.50
 15.50   5.21
 15.19   3.55
  8.59   3.67
  6.84   3.13
  7.51   1.04
  8.85   2.76
 15.02   4.39
 15.47   3.43
 12.61   3.37
 15.37   3.10
 12.33   2.51
 15.85   5.33
 15.19   1.38
 14.58   0.67
 16.56   1.65
 10.65   4.78
 16.27   4.32
  6.61   6.23
 13.58   4.34
 14.62   2.10
 12.61   5.37
  9.95   4.23
 17.52   2.63
 15.44   0.62
 12.56   4.60
  8.65   0.63
 20.76   1.67
 18.56   3.63
 14.45   5.85
 15.80   4.27
 18.75   1.30
 12.36   1.41
 16.73   3.74
 15.64   0.67
 11.55   4.22
 17.35   5.04
 17.71   0.84
 16.27   3.53
 11.02   2.63
 13.04   1.60
 15.39   0.63
 16.60   0.73
 12.64   3.00
  9.27   2.74
 16.79  19.64
 13.56   2.30
  8.87   5.69
  8.59   2.46
 14.70   1.88
 16.67   3.14
  6.42   5.21
 20.57   2.71
  8.55   4.54
 14.11   6.86
 10.09   5.57
 14.13   0.58
 13.14   2.07
  7.21   5.35
