1 3 3
2 4 0
3 5 5
4 4 0
5 1 0
6 5 0
7 5 0
8 2 0
9 2 0
10 2 0
11 5 0
12 2 0
13 5 5
14 3 0
15 5 0
16 5 5
17 5 5
18 2 0
19 5 5
20 5 5
21 3 3
22 5 0
23 5 5
24 5 5
25 5 0
26 5 5
27 5 0
28 2 0
29 3 0
30 4 0
31 1 1
32 5 0
33 5 5
34 2 0
35 1 0
36 5 5
37 5 5
38 5 0
39 5 0
40 5 0
41 2 0
42 5 5
43 5 5
44 3 0
45 5 0
46 3 0
47 5 0
48 4 0
49 2 0
50 5 5
51 3 0
52 5 0
53 5 0
54 3 0
55 2 0
56 5 0
57 3 0
58 5 0
59 2 0
60 5 0
61 5 5
62 5 5
63 5 5
64 3 0
65 5 0
66 2 0
67 5 5
68 5 0
69 4 0
70 5 0
71 2 0
72 1 0
73 5 5
74 2 0
75 3 0
76 5 0
77 2 0
78 5 5
79 5 5
80 5 5
81 3 0
82 5 5
83 5 0
84 5 0
85 4 0
86 1 0
87 1 0
88 2 0
89 1 0
90 5 5
91 5 5
92 5 5
93 5 5
94 5 0
95 4 0
96 5 5
97 4 0
98 3 0
99 3 0
100 5 0
101 5 0
102 5 0
103 4 0
104 2 0
105 4 0
106 2 2
107 2 0
108 5 5
109 4 0
110 4 0
111 5 0
112 5 5
113 5 5
114 2 0
115 5 5
116 5 0
117 5 5
118 2 0
119 1 0
120 3 0
121 3 0
122 4 0
123 5 5
124 5 0
125 4 0
126 3 0
127 5 5
128 5 0
129 5 5
130 5 0
131 5 0
132 5 0
133 2 0
134 3 0
135 5 0
136 5 5
137 3 0
138 5 0
139 1 0
140 3 0
141 5 5
142 5 0
143 4 0
144 5 0
145 2 0
146 1 0
147 2 0
148 4 0
149 2 0
150 3 0
151 5 0
152 4 0
153 4 0
154 4 0
155 2 0
156 5 5
157 2 2
158 3 0
159 3 0
160 5 5
161 3 0
162 4 0
163 2 0
164 1 0
165 3 0
166 4 0
167 5 5
168 5 5
169 2 0
170 3 0
171 4 0
172 4 0
173 2 0
174 5 5
175 5 5
176 3 0
177 5 5
178 5 0
179 5 5
180 5 5
181 5 0
182 3 0
183 5 0
184 3 0
185 4 0
186 5 5
187 5 5
188 4 0
189 5 5
190 5 0
191 1 1
192 5 0
193 5 5
194 2 0
195 5 5
196 5 5
197 3 0
198 5 5
199 2 0
200 5 0
201 2 0
202 5 5
203 3 0
204 5 0
205 5 5
206 5 0
207 4 0
208 2 0
209 5 0
210 3 0
211 5 5
212 3 0
213 5 0
214 5 0
215 3 0
216 5 5
217 3 0
218 4 0
219 3 0
220 3 3
221 3 0
222 3 0
223 5 0
224 5 5
225 5 5
226 5 0
227 3 0
228 5 0
229 3 0
230 5 5
231 3 0
232 4 0
233 4 0
234 5 0
235 4 0
236 4 0
237 4 0
238 5 0
239 5 0
240 4 0
241 5 5
242 2 0
243 5 5
244 5 5
245 5 5
246 5 0
247 2 0
248 5 5
249 5 5
250 3 0
251 5 5
252 3 0
253 5 5
254 3 0
255 4 0
256 3 3
257 3 0
258 5 0
259 2 0
260 4 0
261 5 5
262 5 0
263 2 0
264 3 0
265 5 5
266 5 5
267 5 5
268 5 0
269 5 0
270 5 5
271 5 0
272 5 0
273 3 0
274 5 0
275 2 0
276 5 0
277 2 0
278 5 0
279 4 0
280 5 5
281 5 0
282 2 0
283 2 2
284 5 0
285 5 5
286 5 5
287 3 0
288 5 0
289 2 0
290 2 2
291 3 3
292 5 5
293 5 0
294 5 0
295 3 0
296 3 0
297 5 0
298 5 5
299 4 0
300 3 0
301 5 5
302 5 0
303 2 0
304 2 0
305 2 0
306 5 0
307 3 0
308 5 5
309 4 0
310 2 0
311 5 5
312 4 0
313 5 5
314 3 0
315 3 0
316 5 5
317 5 5
318 3 0
319 1 0
320 5 5
321 3 0
322 4 0
323 3 0
324 5 5
325 5 0
326 5 5
327 5 5
328 5 5
329 3 0
330 5 5
331 3 0
332 5 5
333 5 5
334 5 5
335 2 0
336 2 2
337 5 5
338 4 0
339 5 0
340 5 0
341 1 0
342 5 0
343 3 0
344 5 5
345 5 0
346 3 0
347 5 5
348 4 0
349 5 0
350 5 5
351 5 5
352 3 0
353 5 0
354 5 0
355 3 0
356 3 0
357 5 5
358 5 0
359 3 3
360 4 0
361 5 0
362 4 0
363 5 5
364 3 0
365 5 0
366 5 0
367 5 0
368 5 5
369 3 0
370 1 0
371 5 5
372 5 5
373 5 0
374 5 5
375 5 5
376 5 5
377 4 0
378 5 5
379 1 0
380 5 0
381 3 0
382 5 5
383 5 5
384 3 3
385 5 0
386 1 0
387 4 0
388 2 0
389 2 0
390 5 0
391 2 0
392 5 0
393 5 5
394 5 5
395 5 0
396 3 3
397 2 0
398 5 0
399 2 0
400 5 0
401 1 0
402 1 0
403 2 0
404 2 0
405 5 0
406 5 5
407 5 5
408 3 0
409 5 0
410 4 0
411 4 0
412 5 0
413 5 5
414 2 0
415 5 0
416 3 0
417 5 5
418 4 0
419 5 0
420 4 0
421 5 0
422 2 2
423 5 5
424 5 5
425 3 0
426 3 0
427 2 0
428 4 0
429 5 5
430 5 5
431 3 0
432 5 0
433 5 5
434 2 0
435 5 5
436 5 0
437 2 0
438 4 0
439 3 0
440 5 5
441 4 0
442 5 5
443 4 0
444 5 5
445 3 0
446 3 0
447 2 0
448 5 5
449 5 0
450 3 0
451 5 5
452 4 0
453 5 5
454 2 0
455 5 5
456 4 0
457 2 0
458 5 5
459 5 0
460 2 0
461 2 0
462 5 5
463 5 0
464 5 0
465 5 5
466 4 0
467 5 5
468 5 0
469 5 5
470 5 0
471 3 3
472 5 5
473 4 0
474 2 0
475 1 1
476 3 0
477 5 5
478 5 5
479 5 0
480 1 1
481 5 0
482 5 5
483 2 0
484 5 5
485 4 0
486 5 5
487 2 0
488 5 0
489 3 0
490 5 5
491 4 0
492 3 0
493 5 0
494 2 0
495 5 0
496 5 5
497 5 0
498 4 0
499 5 0
500 2 0
