 16.99  11.24
 11.89   2.46
 17.10   3.97
  7.12   3.20
 13.30   0.57
 11.56   1.56
 10.05   5.51
  8.01   3.66
 13.06   3.66
 13.36   4.68
 13.69   2.49
  7.60   1.15
 16.37   1.71
 16.20   2.62
 12.74   3.36
 15.98   3.05
 19.59   1.65
 12.79   3.05
 23.43   1.05
 23.59   0.62
 16.97   1.49
 12.95   2.17
 22.71   3.43
 16.47   3.97
 12.90   2.07
 14.56   3.40
 12.90   2.20
  7.04   0.71
  9.78   2.43
 11.93   5.95
 13.71  18.73
 14.28   2.60
 20.80   3.77
 10.80   4.51
 10.26   4.23
 19.74   1.25
 16.63   2.24
 13.36   2.54
 10.34   1.80
 12.74   2.43
 13.71   2.90
 22.05   4.03
 17.01   2.38
 14.44   2.52
 11.02   2.84
 16.30   3.25
 12.60   2.95
  9.71   3.62
  8.41   2.84
 18.24   5.84
 16.04   1.12
 11.87   4.77
  9.75   3.61
 11.63   3.05
 13.79   1.86
 12.68   3.21
 14.13   1.72
 11.96   4.26
 11.99   5.69
 13.48   3.63
 20.58   1.83
 19.15   3.73
 21.71   4.08
  5.13   3.71
 11.74   0.75
 13.01   3.87
 15.09   4.84
  9.98   5.98
  8.42   3.42
 13.08   5.37
  6.15   4.60
  8.89   0.58
 19.81   2.58
  7.69   3.53
 10.69   2.68
 12.18   6.75
 13.62   1.40
 15.89   2.89
 20.31   4.62
 15.81   3.09
 15.39   3.09
 16.82   2.68
  9.96   3.00
  5.62   6.07
 15.87   1.67
 12.83   6.70
 12.95   4.85
  9.61   2.78
  7.38   3.24
 22.59   1.20
 15.00   3.22
 20.93   1.99
 14.64   4.52
 11.83   1.23
 16.69   6.16
 19.70   1.13
 14.37   1.44
 13.65   4.98
 15.80   3.09
 13.35   0.27
 12.91   1.40
 13.31   7.14
 16.47   4.18
 13.76   3.73
 14.69   1.98
 14.73  21.56
 13.57   3.61
 16.59   1.83
 13.01   3.53
 15.05   3.36
  9.15   1.84
 18.19   2.65
 18.21   2.22
 13.95   4.90
 21.33   2.75
  9.86   1.47
 20.22   2.68
  8.47   5.63
  7.78   3.45
 10.91   4.07
 12.44   3.98
 12.97   6.06
 16.78   1.48
  9.66   2.67
  7.05   3.34
  9.50   3.56
 15.55   3.68
 10.45   2.04
 14.85   4.75
 13.45   4.10
 13.40   3.33
 12.66   4.10
  8.28   3.02
 12.08   4.54
  7.91   5.18
 17.56   3.10
 13.37   4.75
 12.26   5.22
 10.99   1.54
 15.80   3.97
 19.96   1.18
 13.68   4.42
 14.91   3.69
 14.11   4.10
 11.16   4.43
 11.18   3.64
 13.05   6.44
  8.24   2.71
 13.94   3.58
  6.67   1.38
 13.07   3.09
 15.90   3.25
 16.36   1.85
 10.05   5.67
  8.52   2.26
 16.70   5.77
 14.45   2.31
 10.95   5.27
 14.30   0.57
 21.51   3.26
 10.61   3.17
 11.90   3.53
 12.50   3.16
 13.30   2.06
 12.31   4.51
 10.71   6.21
 19.68   1.80
 15.31   3.13
 13.99   6.40
  6.07   3.80
 10.44   4.19
 13.44   2.12
 11.54   3.93
 22.90   2.11
 19.91   4.44
 15.73   4.36
 18.76   0.78
 12.30   3.22
 23.04   0.95
 15.77   3.57
 11.84   3.39
 16.23   3.53
 13.29   0.75
 16.89   5.40
 10.12   4.54
 14.74   2.58
 15.21   1.49
  9.62   0.91
 21.46   0.78
 13.14   0.42
 13.51   4.37
 13.85   1.37
 20.75   1.78
 12.15   4.40
 18.76   2.63
 22.69   0.06
 11.40   4.54
 17.45   5.35
  7.50   4.35
 13.16   2.48
  9.01   3.90
 15.94   1.75
 12.22   1.87
 14.12   5.02
 15.62   2.50
 12.65   4.00
 12.17   2.46
 11.86   1.60
 14.01   6.05
 13.80   2.99
 20.85   3.16
 10.88   4.43
 13.16   5.01
 10.81   1.37
 11.84   4.02
 15.42   2.88
 11.83   1.68
 15.23   2.75
 11.54   3.88
 17.86  37.59
 13.94   4.58
 14.37   3.65
  7.89   1.90
 23.54   2.27
 18.45   0.97
 13.39   4.08
 15.59   3.28
 12.71   2.30
 13.20   3.61
 22.13   2.61
  7.36   1.15
 11.75   4.12
 16.29   4.50
 13.13   5.19
 15.23   5.16
 15.58   1.02
 14.22   3.72
  8.63   5.91
 14.16   1.34
 16.69   4.58
 20.81   2.53
 13.43   4.40
 23.46   3.01
 18.96   3.38
 16.18   1.60
 10.27   4.76
 13.78   3.56
 15.68   2.59
 22.25   3.36
 12.65   4.55
 19.02   2.79
 14.09   4.23
 16.29   3.48
 10.77   3.84
 16.79  19.28
 17.63   1.69
 12.25   5.26
 11.60   2.01
 13.55   3.28
 15.74   1.81
 16.08   2.33
  8.02   5.31
  6.52   4.18
 15.12   0.96
 21.29   1.60
 15.39   0.97
 17.56   5.65
 13.73   1.16
 12.28   2.06
 19.69   1.64
  8.37   3.12
 10.08   3.46
 12.27   2.21
 13.79   4.29
  9.42   2.74
 10.99   3.38
 11.29   0.80
 13.18   4.01
 15.90   1.19
 14.53   3.74
  9.99   3.92
 12.27   1.62
 14.60   2.18
  7.76   0.83
 20.54   4.50
 16.47   5.48
 13.23   2.60
 10.52   1.99
 13.49   4.47
 14.56   1.32
 17.21   4.89
 16.07   4.77
 13.27   3.63
 12.39   6.34
  7.90   3.91
 13.67   2.48
 12.01   1.68
 22.11   0.56
 14.74   2.72
  6.65   5.75
 21.92   5.30
  8.65   1.61
 10.03   8.06
 13.34   2.94
 12.34   3.82
  8.79   2.92
 12.23   1.62
 20.11   4.51
 10.90   4.02
 11.34   3.96
 19.11   1.96
  9.89   4.28
 16.12   6.08
 15.61   1.93
  9.12   0.80
 19.68   1.14
 21.55   1.42
  9.75   3.70
 13.29   0.36
 14.90   3.92
 16.24   3.59
  9.11   4.45
  4.06   5.47
 20.63   0.50
 13.45   5.11
 16.51   2.27
 19.88   3.77
 15.97   2.46
 12.73   4.51
 23.44   1.11
 12.04   2.88
 16.48   4.43
 23.22   2.50
 15.96   3.93
 11.02   1.22
 14.53   1.06
 14.66   3.22
 13.66   3.82
 11.95   8.06
 10.59   3.05
 12.75   2.52
 11.19   2.99
 16.29   1.48
 18.05   5.11
 12.08   3.83
 14.05   5.68
 14.64   2.91
  7.13   6.04
 10.79   2.81
 19.00   2.74
 20.09   2.63
 16.56   3.35
 11.25   2.66
 11.14   2.67
 13.32   3.34
 14.10   2.47
 16.81   0.15
 11.74   1.19
 17.83   2.93
 10.09   4.20
  8.42   3.04
 13.58   5.36
 14.99   4.34
  2.76   3.08
 12.53   2.88
 13.33   3.30
 12.73   2.68
 19.32   1.13
  9.54   0.60
 10.35   6.16
 15.30   3.96
 16.89   2.52
 13.97   3.86
 17.66   2.02
 16.80   4.88
 19.83   1.41
 16.65   1.77
 20.37   1.88
 10.45   6.95
  7.36   4.23
 15.44   2.99
 16.49   3.84
 21.73   1.38
 17.80   1.86
 12.87   3.28
  9.19   3.83
  9.07   3.23
 13.95   6.70
 10.24   1.95
  9.00   3.49
 13.40   3.15
 13.24   1.74
 18.23   2.02
 15.52   1.17
 11.80   4.47
 17.32   2.12
 13.89   1.97
 13.20   2.07
 11.77   3.27
 10.21   4.76
 11.49   5.84
 12.72   1.92
  9.21   1.54
 12.37   3.81
 10.91   1.18
 22.70   0.18
 21.88   8.67
 14.05   3.52
 11.44   2.47
 13.97   2.99
 13.96   0.38
  9.42   1.43
 15.49   3.01
  9.41   4.29
 14.31   4.40
 16.40   4.28
 14.82   3.61
  4.37   3.80
 10.10   4.44
  7.43   5.31
 11.28   2.87
 14.67   2.02
 15.53   4.53
 23.65  37.59
  8.69   4.86
  6.17   3.27
 11.39   4.42
 15.98   2.99
 18.63   5.07
 19.57   2.01
 12.56   2.26
 12.50   5.18
 18.33   1.02
 12.76   3.46
 14.84   2.29
 13.97   4.05
  9.77   5.39
 15.91   2.13
 16.75   3.36
 20.80   3.88
 16.55   1.49
 16.00   1.69
 16.22   1.92
 16.81   0.89
 16.47   2.13
 13.41   3.06
  9.67   6.51
 17.66   1.24
  6.01   3.55
 15.44   1.62
 20.24   6.03
 12.57   1.84
 18.34   3.63
  9.45   7.52
 17.44   4.56
  8.44   2.74
  8.61   2.04
 17.11   2.38
 13.26   3.69
  7.74   5.39
  1.60   8.85
 22.17   5.45
  8.83   2.88
  6.73   5.15
 19.81   1.88
 14.01   0.50
 19.73   2.30
 10.91   2.79
 20.67   2.92
  7.44   1.77
 17.54   3.36
 17.12   4.13
 15.98   3.61
 13.04   1.22
 13.43   2.07
  6.83   6.29
 19.71   2.51
 21.50   2.89
 14.13   2.68
 13.60   3.09
 13.74   4.64
 15.15   1.39
 10.20   2.99
 18.55   2.88
 11.23   5.77
 21.25   5.15
 11.00   4.57
 13.82   1.26
 11.49   4.95
 19.92   2.59
  9.12   6.21
 14.07   2.26
 12.49   5.03
 13.27   5.98
  8.15   7.12
 17.22   2.44
 12.13   4.13
  9.52   3.24
 10.68   4.94
 12.01   1.56
